3,2
3,1
3,3
10,293
10,206
10,246
10,26
10,212
10,235
10,97
10,2
10,3
11,8
11,6
11,16
11,12
11,22
9,7
164,4
9,6
164,3
9,4
164,2
9,2
164,1
9,3
164,0
163,8
163,7
163,6
163,5
163,4
163,3
163,2
163,1
163,0
161,4
161,3
8,11
161,2
8,6
161,1
8,4
161,0
8,9
159,4
8,12
159,3
8,15
159,2
8,2
159,1
8,3
159,0
158,4
158,3
158,2
158,1
158,0
157,4
157,3
157,2
157,1
157,0
156,4
156,3
156,2
156,1
156,0
155,3
155,2
155,1
155,0
154,5
154,4
154,3
154,2
154,1
154,0
153,5
153,4
153,3
153,2
153,1
153,0
152,5
152,4
152,3
152,2
152,1
152,0
151,4
151,3
151,2
151,1
151,0
150,3
150,2
150,1
150,0
149,3
149,2
149,1
149,0
148,4
148,1
146,5
146,3
146,1
144,3
144,1
141,3
141,1
20,3
20,2
20,1
19,2
19,3
19,1
12,3
12,2
12,1
11,27
11,26
11,25
11,23
